Wyniki algorytmu genetycznego z optymalizacją parametrów
==================================================

Liczba miast: 80
Liczba pokoleń: 1500
Czas wykonania: 73.53 s

Parametry:
  population_size: 250
  elite_size: 2
  mutation_rate: 0.25
  generations: 1500
  tournament_size: 5
  crossover_type: PMX
  mutation_type: inversion
  selection_type: tournament

Najlepsza długość trasy: 765.95
Najlepsza wartość funkcji przystosowania: 0.0013055673
Średnia wartość funkcji przystosowania: 0.0012694482

Najlepsza trasa (sekwencja miast):
22, 32, 8, 23, 51, 13, 50, 64, 20, 76, 62, 11, 42, 66, 29, 74, 28, 49, 2, 7, 54, 72, 41, 39, 61, 18, 55, 30, 9, 65, 24, 10, 14, 38, 58, 6, 35, 15, 71, 48, 73, 19, 47, 31, 52, 75, 70, 77, 67, 44, 59, 46, 1, 40, 25, 17, 56, 26, 63, 60, 27, 57, 78, 37, 43, 4, 68, 12, 53, 0, 69, 79, 33, 16, 34, 5, 21, 3, 36, 45

Historia ewolucji (co 10 generacji):
Generacja,Najlepsza długość,Najlepsza funkcja przystosowania,Średnia funkcja przystosowania,Czas generacji (ms)
0,3702.18,0.0002701110,0.0002311035,75.14
10,3137.01,0.0003187747,0.0002779094,68.17
20,2876.15,0.0003476871,0.0003256775,64.83
30,2450.91,0.0004080123,0.0003679661,64.63
40,2145.08,0.0004661827,0.0004266533,64.34
50,1956.45,0.0005111296,0.0004955328,65.08
60,1794.55,0.0005572430,0.0005349326,65.35
70,1674.74,0.0005971083,0.0005632659,63.48
80,1585.14,0.0006308592,0.0006141548,62.64
90,1455.08,0.0006872475,0.0006633048,62.66
100,1382.70,0.0007232249,0.0006963156,63.67
110,1347.90,0.0007418969,0.0007152312,62.85
120,1238.15,0.0008076571,0.0007732909,63.87
130,1150.43,0.0008692395,0.0008371524,64.09
140,1101.18,0.0009081137,0.0008821830,63.91
150,1039.06,0.0009624038,0.0009249746,66.18
160,1018.95,0.0009814007,0.0009057559,61.38
170,984.82,0.0010154141,0.0009910338,61.10
180,926.19,0.0010796907,0.0010435489,58.72
190,879.99,0.0011363732,0.0010894137,55.44
200,860.13,0.0011626174,0.0010852500,56.54
210,848.49,0.0011785707,0.0011581629,55.87
220,845.38,0.0011829019,0.0011578606,53.27
230,835.10,0.0011974675,0.0011744508,53.92
240,827.83,0.0012079822,0.0011873233,57.05
250,825.44,0.0012114691,0.0011215743,58.01
260,823.94,0.0012136803,0.0011974368,56.92
270,818.90,0.0012211490,0.0011955488,56.44
280,802.88,0.0012455092,0.0011827107,57.90
290,802.87,0.0012455310,0.0012201898,56.47
300,802.87,0.0012455310,0.0012283246,57.66
310,802.38,0.0012462884,0.0012211830,55.92
320,798.84,0.0012518193,0.0012260364,54.98
330,798.84,0.0012518193,0.0012350216,52.67
340,793.61,0.0012600585,0.0012355647,53.06
350,793.00,0.0012610269,0.0012452201,53.10
360,792.58,0.0012616970,0.0012427412,57.71
370,790.60,0.0012648630,0.0012306051,63.19
380,774.91,0.0012904704,0.0012574377,52.73
390,772.49,0.0012945149,0.0012662427,52.29
400,772.49,0.0012945149,0.0012712612,54.31
410,772.49,0.0012945149,0.0012471625,52.73
420,772.49,0.0012945149,0.0012519893,50.38
430,772.49,0.0012945149,0.0012333597,52.32
440,772.49,0.0012945149,0.0012447554,52.73
450,772.49,0.0012945149,0.0012358614,51.89
460,772.49,0.0012945149,0.0012387971,50.38
470,772.49,0.0012945149,0.0012381849,50.67
480,769.69,0.0012992323,0.0012550906,50.93
490,767.57,0.0013028120,0.0012501804,49.17
500,767.47,0.0013029822,0.0012652136,51.63
510,767.47,0.0013029822,0.0012681203,51.63
520,767.47,0.0013029822,0.0012662878,50.43
530,766.98,0.0013038138,0.0012752182,50.84
540,766.98,0.0013038138,0.0012713045,49.25
550,765.95,0.0013055673,0.0012676333,50.72
560,765.95,0.0013055673,0.0012534319,49.71
570,765.95,0.0013055673,0.0012608084,48.80
580,765.95,0.0013055673,0.0012759425,50.72
590,765.95,0.0013055673,0.0012804032,51.40
600,765.95,0.0013055673,0.0012687839,50.58
610,765.95,0.0013055673,0.0012746161,49.93
620,765.95,0.0013055673,0.0012721710,50.98
630,765.95,0.0013055673,0.0012684672,49.02
640,765.95,0.0013055673,0.0012714865,49.69
650,765.95,0.0013055673,0.0012721089,51.36
660,765.95,0.0013055673,0.0012663696,49.51
670,765.95,0.0013055673,0.0012739242,51.28
680,765.95,0.0013055673,0.0012710507,49.57
690,765.95,0.0013055673,0.0012676401,51.01
700,765.95,0.0013055673,0.0012695395,53.53
710,765.95,0.0013055673,0.0012698951,51.57
720,765.95,0.0013055673,0.0012671501,51.08
730,765.95,0.0013055673,0.0012761306,51.14
740,765.95,0.0013055673,0.0012755064,50.50
750,765.95,0.0013055673,0.0012730725,46.36
760,765.95,0.0013055673,0.0012667166,48.21
770,765.95,0.0013055673,0.0012727611,47.37
780,765.95,0.0013055673,0.0012744835,46.71
790,765.95,0.0013055673,0.0012687586,49.04
800,765.95,0.0013055673,0.0012722260,48.53
810,765.95,0.0013055673,0.0012745797,46.77
820,765.95,0.0013055673,0.0012670535,49.91
830,765.95,0.0013055673,0.0012805101,51.74
840,765.95,0.0013055673,0.0012654491,51.16
850,765.95,0.0013055673,0.0012751464,49.49
860,765.95,0.0013055673,0.0012781842,49.28
870,765.95,0.0013055673,0.0012664801,49.26
880,765.95,0.0013055673,0.0012642399,49.50
890,765.95,0.0013055673,0.0012718432,49.30
900,765.95,0.0013055673,0.0012718394,51.54
910,765.95,0.0013055673,0.0012748593,47.68
920,765.95,0.0013055673,0.0012818727,49.32
930,765.95,0.0013055673,0.0012698329,49.97
940,765.95,0.0013055673,0.0012725210,48.26
950,765.95,0.0013055673,0.0012630075,49.41
960,765.95,0.0013055673,0.0012802041,50.32
970,765.95,0.0013055673,0.0012741595,47.77
980,765.95,0.0013055673,0.0012675616,49.31
990,765.95,0.0013055673,0.0012765627,47.52
1000,765.95,0.0013055673,0.0012706735,49.51
1010,765.95,0.0013055673,0.0012713546,50.07
1020,765.95,0.0013055673,0.0012769790,51.05
1030,765.95,0.0013055673,0.0012826057,51.34
1040,765.95,0.0013055673,0.0012706501,49.91
1050,765.95,0.0013055673,0.0012712168,51.14
1060,765.95,0.0013055673,0.0012654682,51.13
1070,765.95,0.0013055673,0.0012703073,52.72
1080,765.95,0.0013055673,0.0012620798,53.75
1090,765.95,0.0013055673,0.0012747352,51.21
1100,765.95,0.0013055673,0.0012671106,51.55
1110,765.95,0.0013055673,0.0012761956,51.04
1120,765.95,0.0013055673,0.0012751737,48.75
1130,765.95,0.0013055673,0.0012685458,48.50
1140,765.95,0.0013055673,0.0012721480,49.51
1150,765.95,0.0013055673,0.0012720980,49.41
1160,765.95,0.0013055673,0.0012722120,47.98
1170,765.95,0.0013055673,0.0012798107,48.64
1180,765.95,0.0013055673,0.0012767344,49.69
1190,765.95,0.0013055673,0.0012701537,48.38
1200,765.95,0.0013055673,0.0012726608,48.59
1210,765.95,0.0013055673,0.0012707409,51.35
1220,765.95,0.0013055673,0.0012759360,51.28
1230,765.95,0.0013055673,0.0012723689,51.81
1240,765.95,0.0013055673,0.0012711194,47.72
1250,765.95,0.0013055673,0.0012772392,48.78
1260,765.95,0.0013055673,0.0012609779,48.90
1270,765.95,0.0013055673,0.0012732084,48.95
1280,765.95,0.0013055673,0.0012707844,48.67
1290,765.95,0.0013055673,0.0012706871,49.40
1300,765.95,0.0013055673,0.0012718921,50.53
1310,765.95,0.0013055673,0.0012668185,48.99
1320,765.95,0.0013055673,0.0012699343,47.69
1330,765.95,0.0013055673,0.0012703636,47.90
1340,765.95,0.0013055673,0.0012699282,48.71
1350,765.95,0.0013055673,0.0012652622,48.08
1360,765.95,0.0013055673,0.0012779768,48.31
1370,765.95,0.0013055673,0.0012738360,48.17
1380,765.95,0.0013055673,0.0012729945,47.90
1390,765.95,0.0013055673,0.0012737423,47.62
1400,765.95,0.0013055673,0.0012665172,49.90
1410,765.95,0.0013055673,0.0012689847,48.25
1420,765.95,0.0013055673,0.0012729537,48.46
1430,765.95,0.0013055673,0.0012737480,47.50
1440,765.95,0.0013055673,0.0012660199,48.10
1450,765.95,0.0013055673,0.0012726224,50.40
1460,765.95,0.0013055673,0.0012737575,49.97
1470,765.95,0.0013055673,0.0012678256,48.00
1480,765.95,0.0013055673,0.0012779447,48.41
1490,765.95,0.0013055673,0.0012692672,47.53
1500,765.95,0.0013055673,0.0012718035,51.16
